# nsteps, mean_R_simple, std_R_simple, mean_R_noback, std_R_noback, mean_R_onlyonce, std_R_onlyonce
         5    0.19418106004540E+01    0.91307104380961E+00    0.25808718738360E+01    0.10190354204505E+01    0.26868150994557E+01    0.92209477939771E+00
        10    0.26708474852216E+01    0.14390477578586E+01    0.36952384965288E+01    0.17581633307851E+01    0.42035093438263E+01    0.15695949052930E+01
        25    0.42440535425325E+01    0.21950613490191E+01    0.58423646603755E+01    0.29869318704005E+01    0.76832594002677E+01    0.30566060178145E+01
        50    0.59419340841154E+01    0.31041559376649E+01    0.83556250469874E+01    0.43514845791548E+01    0.12464050910914E+02    0.49878841281764E+01
        75    0.73690235017137E+01    0.38429674117334E+01    0.10216665078137E+02    0.52647558170155E+01    0.16349262953954E+02    0.65482854827406E+01
       100    0.85759972584964E+01    0.45283612126413E+01    0.11893181748154E+02    0.61572526990071E+01    0.20140575323527E+02    0.80630968518896E+01
       125    0.94928409842928E+01    0.50283529103824E+01    0.13237674876724E+02    0.68439132496281E+01    0.23819033841364E+02    0.94192692071842E+01
       150    0.10506768755560E+02    0.54459768219968E+01    0.14512807380972E+02    0.75414172949097E+01    0.27243061692619E+02    0.10740054803959E+02
       175    0.11281499695920E+02    0.59621889561254E+01    0.15689096367762E+02    0.81593449438809E+01    0.30374036126877E+02    0.12011271610267E+02
       200    0.12129348238135E+02    0.62830236585845E+01    0.16790424400778E+02    0.87270789643982E+01    0.33492401555190E+02    0.13137229868394E+02
       225    0.12855269731279E+02    0.67574526071339E+01    0.17984300230869E+02    0.93457995584722E+01    0.36548376605410E+02    0.14245836087420E+02
       250    0.13526476882218E+02    0.69722705826038E+01    0.18844047664532E+02    0.97423243814746E+01    0.39380505470290E+02    0.15377340066749E+02
