       -0.0901699437         -0.6610302291
       -0.7082039325         -0.2120022525
       -0.6737620788         -0.2370257240
       -0.9098300563         -0.0655122989
       -0.1803398875         -0.5955179302
       -0.2016261238         -0.5800525743
       -0.9442719100         -0.0404888274
       -0.7426457862         -0.1869787811
       -0.3262379212         -0.4895168040
       -0.4164078650         -0.4240045051
       -0.2917960675         -0.5145402755
       -0.5835921350         -0.3025380229
       -0.2573542138         -0.5395637470
       -0.0557280900         -0.6860537006
       -0.7983738762         -0.1464899537
       -0.8196601125         -0.1310245978
       -0.4721359550         -0.3835156777
       -0.4934221913         -0.3680503218
       -0.5278640450         -0.3430268503
       -0.8541019662         -0.1060011263
       -0.6180339887         -0.2775145514
       -0.3819660113         -0.4490279766
       -0.1458980338         -0.6205414017
        0.0000000000         -0.7265425280
       -1.0000000000          0.0000000000
