        0.4721359550          0.3835156777
        0.7983738762          0.1464899537
        0.8885438200          0.0809776548
        0.9098300563          0.0655122989
        0.5623058987          0.3180033788
        0.5835921350          0.3025380229
        0.0344418537          0.7015190565
        0.0557280900          0.6860537006
        0.2705098312          0.5300056314
        0.7082039325          0.2120022525
        0.1803398875          0.5955179302
        0.6737620788          0.2370257240
        0.1458980338          0.6205414017
        0.9655581463          0.0250234715
        0.6393202250          0.2620491955
        0.1114561800          0.6455648732
        0.3262379212          0.4895168040
        0.3475241575          0.4740514481
        0.4376941013          0.4085391492
        0.8541019662          0.1060011263
        0.2360679775          0.5550291029
        0.7639320225          0.1715134252
        1.0000000000          0.0000000000
        0.5278640450          0.3430268503
        0.3819660113          0.4490279766
        0.0000000000          0.7265425280
