         1           2
         1           3
         1         310
         1         311
         1         424
         1         759
         1         656
         2         397
         2         978
         3         758
         3         397
         4           5
         4           6
         4         312
         4         313
         4         426
         4         761
         4         659
         5         399
         5         979
         6         760
         6         399
         7           8
         7           9
         7         314
         7         315
         7         428
         7         763
         7         662
         8         401
         8         980
         9         762
         9         401
        10          11
        10          12
        10         316
        10         317
        10         430
        10         765
        10         665
        11         403
        11         981
        12         764
        12         403
        13          14
        13          15
        13         318
        13         319
        13         432
        13         767
        13         668
        14         405
        14         982
        15         766
        15         405
        16          17
        16          18
        16         320
        16         321
        16         434
        16         769
        16         671
        17         407
        17         983
        18         768
        18         407
        19          20
        19          21
        19         322
        19         323
        19         436
        19         771
        19         674
        20         409
        20         984
        21         770
        21         409
        22          23
        22          24
        22         324
        22         325
        22         438
        22         773
        22         677
        23         411
        23         985
        24         772
        24         411
        25          26
        25          27
        25         326
        25         327
        25         440
        25         775
        25         680
        26         381
        26         970
        27         774
        27         381
        28          29
        28          30
        28         328
        28         329
        28         442
        28         777
        28         683
        29         383
        29         971
        30         776
        30         383
        31          32
        31          33
        31         330
        31         331
        31         444
        31         779
        31         686
        32         385
        32         972
        33         778
        33         385
        34          35
        34          36
        34         332
        34         333
        34         446
        34         781
        34         689
        35         421
        35         990
        36         780
        36         421
        37          38
        37          39
        37         334
        37         335
        37         448
        37         783
        37         692
        38         413
        38         986
        39         782
        39         413
        40          41
        40          42
        40         336
        40         337
        40         450
        40         785
        40         695
        41         944
        41         991
        42         784
        42         944
        43          44
        43          45
        43         338
        43         339
        43         452
        43         787
        43         698
        44         417
        44         988
        45         786
        45         417
        46          47
        46          48
        46         340
        46         341
        46         454
        46         789
        46         701
        47         945
        47         992
        48         788
        48         945
        49          50
        49          51
        49         342
        49         343
        49         456
        49         791
        49         704
        50         387
        50         973
        51         790
        51         387
        52          53
        52          54
        52         344
        52         345
        52         458
        52         793
        52         707
        53         389
        53         974
        54         792
        54         389
        55          56
        55          57
        55         346
        55         347
        55         460
        55         795
        55         710
        56         391
        56         975
        57         794
        57         391
        58          59
        58          60
        58         348
        58         349
        58         462
        58         797
        58         713
        59         393
        59         976
        60         796
        60         393
        61          62
        61          63
        61         350
        61         351
        61         464
        61         799
        61         716
        62         395
        62         977
        63         798
        63         395
        64          65
        64          66
        64         166
        64         167
        64         382
        64         801
        64         491
        65         554
        65         970
        66         800
        66         554
        67          68
        67          69
        67         168
        67         169
        67         384
        67         803
        67         494
        68         557
        68         971
        69         802
        69         557
        70          71
        70          72
        70         170
        70         171
        70         386
        70         805
        70         497
        71         560
        71         972
        72         804
        72         560
        73          74
        73          75
        73         172
        73         173
        73         388
        73         807
        73         500
        74         563
        74         973
        75         806
        75         563
        76          77
        76          78
        76         174
        76         175
        76         390
        76         809
        76         503
        77         566
        77         974
        78         808
        78         566
        79          80
        79          81
        79         176
        79         177
        79         392
        79         811
        79         506
        80         569
        80         975
        81         810
        81         569
        82          83
        82          84
        82         178
        82         179
        82         394
        82         813
        82         509
        83         572
        83         976
        84         812
        84         572
        85          86
        85          87
        85         180
        85         181
        85         396
        85         815
        85         512
        86         575
        86         977
        87         814
        87         575
        88          89
        88          90
        88         817
        88         955
        89         578
        89        1026
        90         816
        90         578
        91          92
        91          93
        91         377
        91         378
        91         488
        91         819
        91         752
        92         581
        92        1004
        93         818
        93         581
        94          95
        94          96
        94         379
        94         380
        94         490
        94         821
        94         755
        95         584
        95        1005
        96         820
        96         584
        97          98
        97          99
        97         375
        97         376
        97         486
        97         823
        97         749
        98         587
        98        1003
        99         822
        99         587
       100         101
       100         102
       100         355
       100         356
       100         468
       100         825
       100         722
       101         590
       101         994
       102         824
       102         590
       103         104
       103         105
       103         357
       103         358
       103         470
       103         827
       103         725
       104         593
       104         995
       105         826
       105         593
       106         107
       106         108
       106         371
       106         372
       106         482
       106         829
       106         743
       107         596
       107        1001
       108         828
       108         596
       109         110
       109         111
       109         373
       109         374
       109         484
       109         831
       109         746
       110         599
       110        1002
       111         830
       111         599
       112         113
       112         114
       112         361
       112         362
       112         474
       112         833
       112         731
       113         602
       113         997
       114         832
       114         602
       115         116
       115         117
       115         835
       115         956
       116         605
       116        1027
       117         834
       117         605
       118         119
       118         120
       118         366
       118         367
       118         478
       118         837
       118         737
       119         608
       119         999
       120         836
       120         608
       121         122
       121         123
       121         839
       121         957
       122         611
       122        1028
       123         838
       123         611
       124         125
       124         126
       124         359
       124         360
       124         472
       124         841
       124         728
       125         614
       125         996
       126         840
       126         614
       127         128
       127         129
       127         182
       127         183
       127         398
       127         843
       127         515
       128         617
       128         978
       129         842
       129         617
       130         131
       130         132
       130         184
       130         185
       130         400
       130         845
       130         518
       131         620
       131         979
       132         844
       132         620
       133         134
       133         135
       133         186
       133         187
       133         402
       133         847
       133         521
       134         623
       134         980
       135         846
       135         623
       136         137
       136         138
       136         188
       136         189
       136         404
       136         849
       136         524
       137         626
       137         981
       138         848
       138         626
       139         140
       139         141
       139         190
       139         191
       139         406
       139         851
       139         527
       140         629
       140         982
       141         850
       141         629
       142         143
       142         144
       142         192
       142         193
       142         408
       142         853
       142         530
       143         632
       143         983
       144         852
       144         632
       145         146
       145         147
       145         194
       145         195
       145         410
       145         855
       145         533
       146         635
       146         984
       147         854
       147         635
       148         149
       148         150
       148         196
       148         197
       148         412
       148         857
       148         536
       149         638
       149         985
       150         856
       150         638
       151         152
       151         153
       151         198
       151         199
       151         414
       151         859
       151         539
       152         641
       152         986
       153         858
       153         641
       154         155
       154         156
       154         200
       154         201
       154         416
       154         861
       154         542
       155         644
       155         987
       156         860
       156         644
       157         158
       157         159
       157         202
       157         203
       157         418
       157         863
       157         545
       158         647
       158         988
       159         862
       159         647
       160         161
       160         162
       160         204
       160         205
       160         420
       160         865
       160         548
       161         650
       161         989
       162         864
       162         650
       163         164
       163         165
       163         206
       163         207
       163         422
       163         867
       163         551
       164         653
       164         990
       165         866
       165         653
       166         764
       166         493
       167         381
       167         764
       168         770
       168         496
       169         383
       169         770
       170         772
       170         499
       171         385
       171         772
       172         758
       172         502
       173         387
       173         758
       174         760
       174         505
       175         389
       175         760
       176         762
       176         508
       177         391
       177         762
       178         768
       178         511
       179         393
       179         768
       180         946
       180         514
       181         395
       181         946
       182         913
       182         517
       183         397
       183         913
       184         915
       184         520
       185         399
       185         915
       186         917
       186         523
       187         401
       187         917
       188         919
       188         526
       189         403
       189         919
       190         921
       190         529
       191         405
       191         921
       192         924
       192         532
       193         407
       193         924
       194         926
       194         535
       195         409
       195         926
       196         928
       196         538
       197         411
       197         928
       198         930
       198         541
       199         413
       199         930
       200         932
       200         544
       201         415
       201         932
       202         934
       202         547
       203         417
       203         934
       204         936
       204         550
       205         419
       205         936
       206         938
       206         553
       207         421
       207         938
       208         209
       208         210
       208         873
       208         427
       208         554
       208         800
       209         884
       209         556
       210         872
       210         884
       211         212
       211         213
       211         869
       211         423
       211         557
       211         802
       212         887
       212         559
       213         868
       213         887
       214         215
       214         216
       214         871
       214         425
       214         560
       214         804
       215         889
       215         562
       216         870
       216         889
       217         218
       217         219
       217         931
       217         481
       217         563
       217         806
       218         901
       218         565
       219         930
       219         901
       220         221
       220         222
       220         933
       220         483
       220         566
       220         808
       221         903
       221         568
       222         932
       222         903
       223         224
       223         225
       223         935
       223         485
       223         569
       223         810
       224         906
       224         571
       225         934
       225         906
       226         227
       226         228
       226         937
       226         487
       226         572
       226         812
       227         908
       227         574
       228         936
       228         908
       229         230
       229         231
       229         939
       229         489
       229         575
       229         814
       230         911
       230         577
       231         938
       231         911
       232         233
       232         234
       232         920
       232         471
       232         578
       232         816
       233         774
       233         580
       234         919
       234         774
       235         236
       235         237
       235         927
       235         477
       235         581
       235         818
       236         776
       236         583
       237         926
       237         776
       238         239
       238         240
       238         929
       238         479
       238         584
       238         820
       239         778
       239         586
       240         928
       240         778
       241         242
       241         243
       241         875
       241         429
       241         587
       241         822
       242         780
       242         589
       243         874
       243         780
       244         245
       244         246
       244         877
       244         431
       244         590
       244         824
       245         782
       245         592
       246         876
       246         782
       247         248
       247         249
       247         879
       247         433
       247         593
       247         826
       248         784
       248         595
       249         878
       249         784
       250         251
       250         252
       250         881
       250         435
       250         596
       250         828
       251         786
       251         598
       252         880
       252         786
       253         254
       253         255
       253         883
       253         437
       253         599
       253         830
       254         788
       254         601
       255         882
       255         788
       256         257
       256         258
       256         914
       256         465
       256         602
       256         832
       257         790
       257         604
       258         913
       258         790
       259         260
       259         261
       259         916
       259         467
       259         605
       259         834
       260         792
       260         607
       261         915
       261         792
       262         263
       262         264
       262         918
       262         469
       262         608
       262         836
       263         794
       263         610
       264         917
       264         794
       265         266
       265         267
       265         925
       265         475
       265         611
       265         838
       266         796
       266         613
       267         924
       267         796
       268         269
       268         270
       268         614
       268         840
       269         798
       269         616
       270         798
       271         272
       271         273
       271         617
       271         842
       272         868
       272         619
       273         868
       274         275
       274         276
       274         894
       274         447
       274         620
       274         844
       275         870
       275         622
       276         893
       276         870
       277         278
       277         279
       277         896
       277         449
       277         623
       277         846
       278         872
       278         625
       279         895
       279         872
       280         281
       280         282
       280         912
       280         463
       280         626
       280         848
       281         874
       281         628
       282         911
       282         874
       283         284
       283         285
       283         902
       283         455
       283         629
       283         850
       284         876
       284         631
       285         901
       285         876
       286         287
       286         288
       286         632
       286         852
       287         878
       287         634
       288         878
       289         290
       289         291
       289         907
       289         459
       289         635
       289         854
       290         880
       290         637
       291         906
       291         880
       292         293
       292         294
       292         638
       292         856
       293         882
       293         640
       294         882
       295         296
       295         297
       295         898
       295         451
       295         641
       295         858
       296         893
       296         643
       297         897
       297         893
       298         299
       298         300
       298         900
       298         453
       298         644
       298         860
       299         947
       299         646
       300         899
       300         947
       301         302
       301         303
       301         892
       301         445
       301         647
       301         862
       302         897
       302         649
       303         891
       303         897
       304         305
       304         306
       304         888
       304         441
       304         650
       304         864
       305         948
       305         652
       306         887
       306         948
       307         308
       307         309
       307         890
       307         443
       307         653
       307         866
       308         891
       308         655
       309         889
       309         891
       310         802
       310         658
       311         423
       311         802
       312         804
       312         661
       313         425
       313         804
       314         800
       314         664
       315         427
       315         800
       316         822
       316         667
       317         429
       317         822
       318         824
       318         670
       319         431
       319         824
       320         826
       320         673
       321         433
       321         826
       322         828
       322         676
       323         435
       323         828
       324         830
       324         679
       325         437
       325         830
       326         949
       326         682
       327         439
       327         949
       328         864
       328         685
       329         441
       329         864
       330         866
       330         688
       331         443
       331         866
       332         862
       332         691
       333         445
       333         862
       334         844
       334         694
       335         447
       335         844
       336         846
       336         697
       337         449
       337         846
       338         858
       338         700
       339         451
       339         858
       340         860
       340         703
       341         453
       341         860
       342         850
       342         706
       343         455
       343         850
       344         950
       344         709
       345         457
       345         950
       346         854
       346         712
       347         459
       347         854
       348         951
       348         715
       349         461
       349         951
       350         848
       350         718
       351         463
       351         848
       352         353
       352         354
       352         466
       352         719
       353         832
       353         721
       354         465
       354         832
       355         834
       355         724
       356         467
       356         834
       357         836
       357         727
       358         469
       358         836
       359         816
       359         730
       360         471
       360         816
       361         952
       361         733
       362         473
       362         952
       363         364
       363         365
       363         476
       363         734
       364         838
       364         736
       365         475
       365         838
       366         818
       366         739
       367         477
       367         818
       368         369
       368         370
       368         480
       368         740
       369         820
       369         742
       370         479
       370         820
       371         806
       371         745
       372         481
       372         806
       373         808
       373         748
       374         483
       374         808
       375         810
       375         751
       376         485
       376         810
       377         812
       377         754
       378         487
       378         812
       379         814
       379         757
       380         489
       380         814
       381         382
       381        1006
       382         970
       383         384
       383        1007
       384         971
       385         386
       385        1008
       386         972
       387         388
       387        1009
       388         973
       389         390
       389        1010
       390         974
       391         392
       391        1011
       392         975
       393         394
       393        1012
       394         976
       395         396
       395        1013
       396         977
       397         398
       397        1009
       398         978
       399         400
       399        1010
       400         979
       401         402
       401        1011
       402         980
       403         404
       403        1006
       404         981
       405         406
       405        1014
       406         982
       407         408
       407        1012
       408         983
       409         410
       409        1007
       410         984
       411         412
       411        1008
       412         985
       413         414
       413        1015
       414         986
       415         416
       415        1016
       416         987
       417         418
       417        1017
       418         988
       419         420
       419        1018
       420         989
       421         422
       421        1019
       422         990
       423         424
       423         619
       423         618
       424         978
       425         426
       425         622
       425         621
       426         979
       427         428
       427         625
       427         624
       428         980
       429         430
       429         628
       429         627
       430         981
       431         432
       431         631
       431         630
       432         982
       433         434
       433         634
       433         633
       434         983
       435         436
       435         637
       435         636
       436         984
       437         438
       437         640
       437         639
       438         985
       439         440
       439         556
       439         555
       439         940
       440         970
       441         442
       441         559
       441         558
       442         971
       443         444
       443         562
       443         561
       444         972
       445         446
       445         655
       445         654
       446         990
       447         448
       447         643
       447         642
       448         986
       449         450
       449         966
       449         967
       450         991
       451         452
       451         649
       451         648
       452         988
       453         454
       453         968
       453         969
       454         992
       455         456
       455         565
       455         564
       456         973
       457         458
       457         568
       457         567
       457         941
       458         974
       459         460
       459         571
       459         570
       460         975
       461         462
       461         574
       461         573
       461         942
       462         976
       463         464
       463         577
       463         576
       464         977
       465         466
       465         517
       465         516
       466         993
       467         468
       467         520
       467         519
       468         994
       469         470
       469         523
       469         522
       470         995
       471         472
       471         526
       471         525
       472         996
       473         474
       473         529
       473         528
       473         943
       474         997
       475         476
       475         532
       475         531
       476         998
       477         478
       477         535
       477         534
       478         999
       479         480
       479         538
       479         537
       480        1000
       481         482
       481         541
       481         540
       482        1001
       483         484
       483         544
       483         543
       484        1002
       485         486
       485         547
       485         546
       486        1003
       487         488
       487         550
       487         549
       488        1004
       489         490
       489         553
       489         552
       490        1005
       491         492
       491         493
       491         664
       491         663
       492         665
       492        1031
       493         665
       493         765
       494         495
       494         496
       494         658
       494         657
       495         674
       495        1029
       496         674
       496         771
       497         498
       497         499
       497         661
       497         660
       498         677
       498        1030
       499         677
       499         773
       500         501
       500         502
       500         745
       500         744
       501         656
       501        1029
       502         656
       502         759
       503         504
       503         505
       503         748
       503         747
       504         659
       504        1030
       505         659
       505         761
       506         507
       506         508
       506         751
       506         750
       507         662
       507        1031
       508         662
       508         763
       509         510
       509         511
       509         754
       509         753
       510         671
       510        1033
       511         671
       511         769
       512         513
       512         514
       512         757
       512         756
       513        1034
       515         516
       515         517
       515         960
       515         961
       516         993
       517         914
       518         519
       518         520
       518         694
       518         693
       519         994
       520         916
       521         522
       521         523
       521         697
       521         696
       522         995
       523         918
       524         525
       524         526
       524         718
       524         717
       525         996
       526         920
       527         528
       527         529
       527         706
       527         705
       528         997
       529         922
       530         531
       530         532
       530         962
       530         963
       531         998
       532         925
       533         534
       533         535
       533         712
       533         711
       534         999
       535         927
       536         537
       536         538
       536         964
       536         965
       537        1000
       538         929
       539         540
       539         541
       539         700
       539         699
       540        1001
       541         931
       542         543
       542         544
       542         703
       542         702
       543        1002
       544         933
       545         546
       545         547
       545         691
       545         690
       546        1003
       547         935
       548         549
       548         550
       548         685
       548         684
       549        1004
       550         937
       551         552
       551         553
       551         688
       551         687
       552        1005
       553         939
       554         555
       554         556
       555         970
       556         885
       557         558
       557         559
       558         971
       559         888
       560         561
       560         562
       561         972
       562         890
       563         564
       563         565
       564         973
       565         902
       566         567
       566         568
       567         974
       568         904
       569         570
       569         571
       570         975
       571         907
       572         573
       572         574
       573         976
       574         909
       575         576
       575         577
       576         977
       577         912
       578         579
       578         580
       579         680
       579        1026
       580         680
       580         775
       581         582
       581         583
       582         683
       582        1004
       583         683
       583         777
       584         585
       584         586
       585         686
       585        1005
       586         686
       586         779
       587         588
       587         589
       588         689
       588        1003
       589         689
       589         781
       590         591
       590         592
       591         692
       591         994
       592         692
       592         783
       593         594
       593         595
       594         695
       594         995
       595         695
       595         785
       596         597
       596         598
       597         698
       597        1001
       598         698
       598         787
       599         600
       599         601
       600         701
       600        1002
       601         701
       601         789
       602         603
       602         604
       603         704
       603         997
       604         704
       604         791
       605         606
       605         607
       606         707
       606        1027
       607         707
       607         793
       608         609
       608         610
       609         710
       609         999
       610         710
       610         795
       611         612
       611         613
       612         713
       612        1028
       613         713
       613         797
       614         615
       614         616
       615         716
       615         996
       616         716
       616         799
       617         618
       617         619
       618         978
       619         869
       620         621
       620         622
       621         979
       622         871
       623         624
       623         625
       624         980
       625         873
       626         627
       626         628
       627         981
       628         875
       629         630
       629         631
       630         982
       631         877
       632         633
       632         634
       633         983
       634         879
       635         636
       635         637
       636         984
       637         881
       638         639
       638         640
       639         985
       640         883
       641         642
       641         643
       642         986
       643         894
       644         645
       644         646
       645         987
       647         648
       647         649
       648         988
       649         898
       650         651
       650         652
       651         989
       653         654
       653         655
       654         990
       655         892
       656         657
       656         658
       657        1029
       658         803
       659         660
       659         661
       660        1030
       661         805
       662         663
       662         664
       663        1031
       664         801
       665         666
       665         667
       666         749
       666        1031
       667         749
       667         823
       668         669
       668         670
       668         953
       668         954
       669         722
       669        1032
       670         722
       670         825
       671         672
       671         673
       672         725
       672        1033
       673         725
       673         827
       674         675
       674         676
       675         743
       675        1029
       676         743
       676         829
       677         678
       677         679
       678         746
       678        1030
       679         746
       679         831
       680         681
       680         682
       681        1026
       683         684
       683         685
       684        1004
       685         865
       686         687
       686         688
       687        1005
       688         867
       689         690
       689         691
       690        1003
       691         863
       692         693
       692         694
       693         994
       694         845
       695         696
       695         697
       696         995
       697         847
       698         699
       698         700
       699        1001
       700         859
       701         702
       701         703
       702        1002
       703         861
       704         705
       704         706
       705         997
       706         851
       707         708
       707         709
       708        1027
       710         711
       710         712
       711         999
       712         855
       713         714
       713         715
       714        1028
       716         717
       716         718
       717         996
       718         849
       719         720
       719         721
       720         731
       720        1036
       721         731
       721         833
       722         723
       722         724
       723         956
       723        1032
       724         956
       724         835
       725         726
       725         727
       726         737
       726        1033
       727         737
       727         837
       728         729
       728         730
       728         958
       728         959
       729         955
       729        1035
       730         955
       730         817
       731         732
       731         733
       732        1036
       734         735
       734         736
       735         957
       735        1037
       736         957
       736         839
       737         738
       737         739
       738         752
       738        1033
       739         752
       739         819
       740         741
       740         742
       741         755
       741        1034
       742         755
       742         821
       743         744
       743         745
       744        1029
       745         807
       746         747
       746         748
       747        1030
       748         809
       749         750
       749         751
       750        1031
       751         811
       752         753
       752         754
       753        1033
       754         813
       755         756
       755         757
       756        1034
       757         815
       758         759
       758        1009
       760         761
       760        1010
       762         763
       762        1011
       764         765
       764        1006
       766         767
       766        1014
       767         953
       768         769
       768        1012
       770         771
       770        1007
       772         773
       772        1008
       774         775
       774        1006
       776         777
       776        1007
       778         779
       778        1008
       780         781
       780        1019
       782         783
       782        1015
       784         785
       784        1020
       786         787
       786        1017
       788         789
       788        1021
       790         791
       790        1009
       792         793
       792        1010
       794         795
       794        1011
       796         797
       796        1012
       798         799
       798        1013
       800         801
       802         803
       804         805
       806         807
       808         809
       810         811
       812         813
       814         815
       816         817
       818         819
       820         821
       822         823
       824         825
       826         827
       828         829
       830         831
       832         833
       834         835
       836         837
       838         839
       840         841
       841         958
       842         843
       843         960
       844         845
       846         847
       848         849
       850         851
       852         853
       853         962
       854         855
       856         857
       857         964
       858         859
       860         861
       862         863
       864         865
       866         867
       868         869
       868        1022
       870         871
       870        1023
       872         873
       872        1024
       874         875
       874        1019
       876         877
       876        1015
       878         879
       878        1020
       880         881
       880        1017
       882         883
       882        1021
       884         885
       884         886
       884        1024
       885         940
       886         940
       887         888
       887        1022
       889         890
       889        1023
       891         892
       891        1023
       893         894
       893        1023
       895         896
       895        1024
       896         966
       897         898
       897        1023
       899         900
       899        1025
       900         968
       901         902
       901        1015
       903         904
       903         905
       903        1016
       904         941
       905         941
       906         907
       906        1017
       908         909
       908         910
       908        1018
       909         942
       910         942
       911         912
       911        1019
       913         914
       913        1009
       915         916
       915        1010
       917         918
       917        1011
       919         920
       919        1006
       921         922
       921         923
       921        1014
       922         943
       923         943
       924         925
       924        1012
       926         927
       926        1007
       928         929
       928        1008
       930         931
       930        1015
       932         933
       932        1016
       934         935
       934        1017
       936         937
       936        1018
       938         939
       938        1019
       940         949
       941         950
       942         951
       943         952
       944        1020
       945        1021
       946        1013
       947        1025
       948        1022
       954        1032
       959        1035
       961         993
       963         998
       965        1000
       967         991
       969         992
