       -0.1803398875          0.3835156777
       -0.1671842700          0.4240045051
       -0.1458980338          0.4085391492
        0.4376941013          0.0655122989
        0.4245384838          0.1060011263
        0.4508497187          0.1060011263
       -0.2573542138         -0.2775145514
       -0.2917960675         -0.2524910799
       -0.2705098312         -0.2370257240
       -0.0557280900         -0.3430268503
       -0.0425724725         -0.3835156777
       -0.0688837075         -0.3835156777
        0.2705098312          0.4490279766
        0.2360679775          0.4740514481
        0.2573542138          0.4895168040
       -0.6180339887         -0.0655122989
       -0.6606064613         -0.0655122989
       -0.6524758425         -0.0404888274
       -0.1803398875          0.1715134252
       -0.2147817412          0.1464899537
       -0.2229123600          0.1715134252
        0.5623058987         -0.1060011263
        0.5491502813         -0.1464899537
        0.5278640450         -0.1310245978
       -0.1803398875         -0.5145402755
       -0.1671842700         -0.4740514481
       -0.1458980338         -0.4895168040
       -0.3819660113          0.2370257240
       -0.3393935387          0.2370257240
       -0.3475241575          0.2120022525
        0.3606797750         -0.1715134252
        0.3951216287         -0.1464899537
        0.4032522475         -0.1715134252
        0.1114561800         -0.1715134252
        0.1458980338         -0.1965368966
        0.1246117975         -0.2120022525
        0.2360679775          0.2120022525
        0.1934955050          0.2120022525
        0.2016261238          0.2370257240
       -0.5065778087         -0.2775145514
       -0.5410196625         -0.3025380229
       -0.5491502813         -0.2775145514
        0.0344418537          0.0655122989
        0.0212862363          0.0250234715
       -0.0000000000          0.0404888274
        0.7983738762         -0.0655122989
        0.8115294937         -0.1060011263
        0.7852182588         -0.1060011263
        0.0212862363          0.4490279766
       -0.0131556175          0.4240045051
       -0.0212862363          0.4490279766
        0.5623058987          0.2370257240
        0.5491502813          0.1965368966
        0.5278640450          0.2120022525
       -0.2573542138         -0.0655122989
       -0.2441985963         -0.1060011263
       -0.2705098312         -0.1060011263
       -0.7426457862          0.1060011263
       -0.7082039325          0.0809776548
       -0.7294901688          0.0655122989
        0.1458980338         -0.4895168040
        0.1884705063         -0.4895168040
        0.1803398875         -0.5145402755
       -0.1803398875         -0.3835156777
       -0.2147817412         -0.4085391492
       -0.2229123600         -0.3835156777
       -0.2573542138          0.2775145514
       -0.2917960675          0.3025380229
       -0.2705098312          0.3180033788
        0.4376941013         -0.0655122989
        0.3951216287         -0.0655122989
        0.4032522475         -0.0404888274
       -0.0557280900          0.3430268503
       -0.0131556175          0.3430268503
       -0.0212862363          0.3180033788
        0.5623058987          0.1060011263
        0.5967477525          0.1310245978
        0.6048783713          0.1060011263
       -0.1803398875         -0.1715134252
       -0.1671842700         -0.1310245978
       -0.1458980338         -0.1464899537
       -0.6180339887          0.0655122989
       -0.6311896062          0.1060011263
       -0.6048783713          0.1060011263
        0.2705098312         -0.4490279766
        0.2360679775         -0.4240045051
        0.2573542138         -0.4085391492
       -0.0901699437         -0.6610302291
       -0.1033255612         -0.6205414017
       -0.0770143263         -0.6205414017
       -0.4934221913          0.1060011263
       -0.4589803375          0.1310245978
       -0.4508497187          0.1060011263
        0.3475241575         -0.3430268503
        0.3606797750         -0.3025380229
        0.3819660113         -0.3180033788
       -0.0557280900         -0.2120022525
       -0.0131556175         -0.2120022525
       -0.0212862363         -0.2370257240
        0.3475241575          0.3430268503
        0.3130823038          0.3180033788
        0.3049516850          0.3430268503
       -0.4934221913         -0.1060011263
       -0.5065778087         -0.1464899537
       -0.5278640450         -0.1310245978
       -0.0557280900          0.2120022525
       -0.0425724725          0.1715134252
       -0.0688837075          0.1715134252
        0.6393202250          0.0000000000
        0.6737620788         -0.0250234715
        0.6524758425         -0.0404888274
        0.0344418537          0.6205414017
        0.0212862363          0.5800525743
       -0.0000000000          0.5955179302
        0.4721359550          0.3835156777
        0.4852915725          0.3430268503
        0.4589803375          0.3430268503
       -0.4164078650          0.0000000000
       -0.3819660113         -0.0250234715
       -0.4032522475         -0.0404888274
       -0.9098300563          0.0655122989
       -0.8672575837          0.0655122989
       -0.8753882025          0.0404888274
        0.0344418537         -0.6205414017
        0.0688837075         -0.5955179302
        0.0770143263         -0.6205414017
       -0.1803398875          0.5145402755
       -0.2147817412          0.4895168040
       -0.2229123600          0.5145402755
        0.3606797750          0.1715134252
        0.3475241575          0.1310245978
        0.3262379212          0.1464899537
       -0.3819660113         -0.2370257240
       -0.3688103938         -0.2775145514
       -0.3951216287         -0.2775145514
        0.0212862363         -0.4490279766
        0.0344418537         -0.4085391492
        0.0557280900         -0.4240045051
        0.1458980338          0.4895168040
        0.1590536512          0.4490279766
        0.1327424163          0.4490279766
       -0.7426457862         -0.1060011263
       -0.7082039325         -0.1310245978
       -0.7294901688         -0.1464899537
       -0.2573542138          0.0655122989
       -0.2147817412          0.0655122989
       -0.2229123600          0.0404888274
        0.5623058987         -0.2370257240
        0.5967477525         -0.2120022525
        0.6048783713         -0.2370257240
        0.1114561800          0.1715134252
        0.1458980338          0.1464899537
        0.1246117975          0.1310245978
        0.7983738762          0.0655122989
        0.8409463488          0.0655122989
        0.8328157300          0.0404888274
        0.0344418537         -0.0655122989
        0.0688837075         -0.0404888274
        0.0770143263         -0.0655122989
       -0.5065778087          0.2775145514
       -0.4934221913          0.3180033788
       -0.4721359550          0.3025380229
        0.2360679775         -0.2120022525
        0.2229123600         -0.1715134252
        0.2492235950         -0.1715134252
       -0.1377674150         -0.3835156777
       -0.1458980338         -0.4085391492
       -0.2441985963          0.2370257240
       -0.2705098312          0.2370257240
        0.4721359550         -0.0905357704
        0.4508497187         -0.1060011263
       -0.0901699437          0.3680503218
       -0.0688837075          0.3835156777
        0.5197334262          0.1060011263
        0.5278640450          0.1310245978
       -0.2147817412         -0.1965368966
       -0.2229123600         -0.1715134252
       -0.6311896062          0.0250234715
       -0.6524758425          0.0404888274
        0.2836654487         -0.4895168040
        0.2573542138         -0.4895168040
       -0.1377674150          0.5145402755
       -0.1458980338          0.4895168040
        0.3951216287          0.1965368966
        0.4032522475          0.1715134252
       -0.3688103938         -0.1965368966
       -0.3475241575         -0.2120022525
       -0.0131556175         -0.4740514481
       -0.0212862363         -0.4490279766
        0.1590536512          0.5300056314
        0.1803398875          0.5145402755
       -0.7558014037         -0.0655122989
       -0.7294901688         -0.0655122989
       -0.2917960675          0.0905357704
       -0.2705098312          0.1060011263
        0.5197334262         -0.2370257240
        0.5278640450         -0.2120022525
        0.0983005625          0.2120022525
        0.1246117975          0.2120022525
        0.7639320225          0.0905357704
        0.7852182588          0.1060011263
       -0.0081306188         -0.0655122989
       -0.0000000000         -0.0404888274
       -0.5410196625          0.2524910799
       -0.5491502813          0.2775145514
        0.2229123600         -0.2524910799
        0.2016261238         -0.2370257240
       -0.2917960675         -0.3835156777
       -0.3049516850         -0.4240045051
       -0.3262379212         -0.4085391492
       -0.2917960675          0.3835156777
       -0.3343685400          0.3835156777
       -0.3262379212          0.4085391492
        0.3475241575          0.0000000000
        0.3130823038         -0.0250234715
        0.3049516850          0.0000000000
        0.0344418537          0.2775145514
        0.0688837075          0.3025380229
        0.0770143263          0.2775145514
        0.6737620788          0.1060011263
        0.6869176962          0.1464899537
        0.7082039325          0.1310245978
       -0.0901699437         -0.1060011263
       -0.1033255612         -0.0655122989
       -0.0770143263         -0.0655122989
       -0.5835921350          0.1715134252
       -0.6180339887          0.1965368966
       -0.5967477525          0.2120022525
        0.2360679775         -0.3430268503
        0.1934955050         -0.3430268503
        0.2016261238         -0.3180033788
       -0.0557280900         -0.5550291029
       -0.0901699437         -0.5300056314
       -0.0688837075         -0.5145402755
       -0.3819660113          0.1060011263
       -0.3688103938          0.1464899537
       -0.3475241575          0.1310245978
        0.4376941013         -0.2775145514
        0.4245384838         -0.2370257240
        0.4508497187         -0.2370257240
        0.0344418537         -0.2775145514
        0.0688837075         -0.2524910799
        0.0770143263         -0.2775145514
        0.2360679775          0.3430268503
        0.2229123600          0.3025380229
        0.2016261238          0.3180033788
       -0.5835921350         -0.1715134252
       -0.5704365175         -0.2120022525
       -0.5967477525         -0.2120022525
       -0.0901699437          0.1060011263
       -0.0557280900          0.0809776548
       -0.0770143263          0.0655122989
        0.6737620788         -0.1060011263
        0.7163345513         -0.1060011263
        0.7082039325         -0.1310245978
       -0.0557280900          0.5550291029
       -0.0425724725          0.5145402755
       -0.0688837075          0.5145402755
        0.4376941013          0.2775145514
        0.4721359550          0.2524910799
        0.4508497187          0.2370257240
       -0.3819660113         -0.1060011263
       -0.3393935387         -0.1060011263
       -0.3475241575         -0.1310245978
       -0.8196601125          0.0000000000
       -0.7852182588          0.0250234715
       -0.7770876400          0.0000000000
        0.1458980338         -0.6205414017
        0.1590536512         -0.5800525743
        0.1803398875         -0.5955179302
       -0.2917960675          0.5145402755
       -0.3049516850          0.4740514481
       -0.3262379212          0.4895168040
        0.2705098312          0.1060011263
        0.2836654487          0.0655122989
        0.2573542138          0.0655122989
       -0.4164078650         -0.3430268503
       -0.3819660113         -0.3680503218
       -0.4032522475         -0.3835156777
        0.1114561800         -0.3835156777
        0.0983005625         -0.3430268503
        0.1246117975         -0.3430268503
        0.1114561800          0.3835156777
        0.1458980338          0.3584922062
        0.1246117975          0.3430268503
       -0.7082039325         -0.2120022525
       -0.6656314600         -0.2120022525
       -0.6737620788         -0.2370257240
       -0.1671842700          0.0000000000
       -0.1327424163          0.0250234715
       -0.1246117975          0.0000000000
        0.6737620788         -0.2370257240
        0.6869176962         -0.1965368966
        0.7082039325         -0.2120022525
        0.1458980338          0.0655122989
        0.1884705063          0.0655122989
        0.1803398875          0.0404888274
        0.8885438200          0.0000000000
        0.9229856737          0.0250234715
        0.9311162925          0.0000000000
        0.1458980338         -0.0655122989
        0.1590536512         -0.0250234715
        0.1803398875         -0.0404888274
       -0.4164078650          0.3430268503
       -0.4295634825          0.3835156777
       -0.4032522475          0.3835156777
        0.2705098312         -0.1060011263
        0.2360679775         -0.0809776548
        0.2573542138         -0.0655122989
       -0.2147817412          0.3584922062
       -0.2229123600          0.3835156777
        0.4245384838          0.0250234715
        0.4032522475          0.0404888274
       -0.2441985963         -0.3180033788
       -0.2705098312         -0.3180033788
       -0.0425724725         -0.3025380229
       -0.0212862363         -0.3180033788
        0.2836654487          0.4085391492
        0.2573542138          0.4085391492
       -0.5835921350         -0.0905357704
       -0.6048783713         -0.1060011263
       -0.1377674150          0.1715134252
       -0.1458980338          0.1464899537
        0.5967477525         -0.0809776548
        0.6048783713         -0.1060011263
       -0.2147817412         -0.5395637470
       -0.2229123600         -0.5145402755
       -0.4164078650          0.2620491955
       -0.3951216287          0.2775145514
        0.3181073025         -0.1715134252
        0.3262379212         -0.1464899537
        0.0983005625         -0.1310245978
        0.1246117975         -0.1310245978
        0.2705098312          0.1869787811
        0.2492235950          0.1715134252
       -0.4640053362         -0.2775145514
       -0.4721359550         -0.3025380229
        0.0688837075          0.0905357704
        0.0770143263          0.0655122989
        0.8115294937         -0.0250234715
        0.8328157300         -0.0404888274
        0.0638587088          0.4490279766
        0.0557280900          0.4240045051
        0.5967477525          0.2620491955
        0.6048783713          0.2370257240
       -0.2441985963         -0.0250234715
       -0.2229123600         -0.0404888274
       -0.7558014037          0.1464899537
       -0.7294901688          0.1464899537
        0.1114561800         -0.4644933325
        0.1327424163         -0.4490279766
       -0.0901699437          0.6610302291
       -0.0557280900          0.6360067576
       -0.0770143263          0.6205414017
        0.3900966300          0.3430268503
        0.3819660113          0.3180033788
       -0.4589803375         -0.0809776548
       -0.4508497187         -0.1060011263
       -0.0081306188         -0.6205414017
       -0.0000000000         -0.5955179302
        0.0688837075          0.6455648732
        0.0770143263          0.6205414017
       -0.9098300563         -0.0655122989
       -0.8966744388         -0.0250234715
       -0.8753882025         -0.0404888274
       -0.4295634825          0.0404888274
       -0.4032522475          0.0404888274
        0.4721359550         -0.3835156777
        0.4376941013         -0.3584922062
        0.4589803375         -0.3430268503
       -0.0425724725          0.2524910799
       -0.0212862363          0.2370257240
        0.6261646075          0.0404888274
        0.6524758425          0.0404888274
       -0.0901699437         -0.1869787811
       -0.0688837075         -0.1715134252
       -0.5359946638          0.1060011263
       -0.5278640450          0.1310245978
        0.3130823038         -0.3680503218
        0.3049516850         -0.3430268503
       -0.1327424163         -0.4490279766
       -0.1671842700         -0.4240045051
       -0.3049516850          0.2120022525
       -0.2917960675          0.2524910799
        0.4376941013         -0.1464899537
        0.4245384838         -0.1060011263
       -0.0557280900          0.4240045051
       -0.0425724725          0.3835156777
        0.5147084275          0.1715134252
        0.5491502813          0.1464899537
       -0.2573542138         -0.1464899537
       -0.2147817412         -0.1464899537
       -0.6950483150          0.0404888274
       -0.6606064613          0.0655122989
        0.2229123600         -0.5145402755
        0.2360679775         -0.4740514481
       -0.1327424163          0.4490279766
       -0.1671842700          0.4740514481
        0.4376941013          0.1464899537
        0.3951216287          0.1464899537
       -0.3049516850         -0.2120022525
       -0.3393935387         -0.2370257240
       -0.0557280900         -0.4240045051
       -0.0131556175         -0.4240045051
        0.2229123600          0.5145402755
        0.1884705063          0.4895168040
       -0.6950483150         -0.0404888274
       -0.7082039325         -0.0809776548
       -0.2573542138          0.1464899537
       -0.2441985963          0.1060011263
        0.5147084275         -0.1715134252
        0.5491502813         -0.1965368966
        0.1590536512          0.2370257240
        0.1458980338          0.1965368966
        0.7983738762          0.1464899537
        0.8115294937          0.1060011263
       -0.0131556175          0.0000000000
        0.0212862363         -0.0250234715
       -0.5835921350          0.3025380229
       -0.5410196625          0.3025380229
        0.1590536512         -0.2370257240
        0.1934955050         -0.2120022525
       -0.2573542138          0.4085391492
       -0.2147817412          0.4085391492
        0.3606797750          0.0404888274
        0.3951216287          0.0655122989
       -0.3049516850         -0.3430268503
       -0.2917960675         -0.3025380229
        0.0212862363         -0.3180033788
       -0.0131556175         -0.3430268503
        0.2229123600          0.3835156777
        0.2360679775          0.4240045051
       -0.6180339887         -0.1464899537
       -0.6311896062         -0.1060011263
       -0.1327424163          0.1060011263
       -0.1671842700          0.1310245978
        0.6393202250         -0.1310245978
        0.5967477525         -0.1310245978
       -0.2573542138         -0.4895168040
       -0.2147817412         -0.4895168040
       -0.3819660113          0.3180033788
       -0.3688103938          0.2775145514
        0.3130823038         -0.1060011263
        0.3475241575         -0.1310245978
        0.1590536512         -0.1060011263
        0.1458980338         -0.1464899537
        0.2360679775          0.1310245978
        0.2229123600          0.1715134252
       -0.4589803375         -0.3430268503
       -0.4934221913         -0.3180033788
        0.1114561800          0.0404888274
        0.0688837075          0.0404888274
        0.8753882025         -0.0404888274
        0.8409463488         -0.0655122989
        0.0688837075          0.3835156777
        0.0344418537          0.4085391492
        0.6393202250          0.2120022525
        0.5967477525          0.2120022525
       -0.1803398875         -0.0404888274
       -0.2147817412         -0.0655122989
       -0.6950483150          0.1715134252
       -0.7082039325          0.1310245978
        0.1458980338         -0.4085391492
        0.1590536512         -0.4490279766
       -0.0901699437          0.5800525743
       -0.1033255612          0.6205414017
        0.3951216287          0.2775145514
        0.3606797750          0.3025380229
       -0.4164078650         -0.1310245978
       -0.4589803375         -0.1310245978
       -0.0131556175         -0.5550291029
        0.0212862363         -0.5800525743
        0.1114561800          0.5955179302
        0.0688837075          0.5955179302
       -0.8328157300         -0.0404888274
       -0.8672575837         -0.0655122989
       -0.3688103938          0.0655122989
       -0.3819660113          0.0250234715
        0.4721359550         -0.3025380229
        0.4852915725         -0.3430268503
        0.0212862363          0.2370257240
       -0.0131556175          0.2120022525
        0.6869176962          0.0655122989
        0.6737620788          0.0250234715
       -0.0557280900         -0.1310245978
       -0.0425724725         -0.1715134252
       -0.5410196625          0.1715134252
       -0.5065778087          0.1464899537
        0.2705098312         -0.3180033788
        0.3130823038         -0.3180033788
       -0.1671842700         -0.3430268503
       -0.1327424163         -0.3180033788
       -0.1246117975         -0.3430268503
       -0.2147817412          0.2775145514
       -0.1803398875          0.2524910799
       -0.2016261238          0.2370257240
        0.4721359550         -0.0404888274
        0.5147084275         -0.0404888274
        0.5065778087         -0.0655122989
       -0.0901699437          0.3180033788
       -0.1327424163          0.3180033788
       -0.1246117975          0.3430268503
        0.5491502813          0.0655122989
        0.5147084275          0.0404888274
        0.5065778087          0.0655122989
       -0.1671842700         -0.2120022525
       -0.1803398875         -0.2524910799
       -0.2016261238         -0.2370257240
       -0.5835921350          0.0404888274
       -0.5704365175          0.0000000000
       -0.5967477525          0.0000000000
        0.3130823038         -0.4490279766
        0.3475241575         -0.4740514481
        0.3262379212         -0.4895168040
       -0.1671842700          0.5550291029
       -0.1327424163          0.5800525743
       -0.1246117975          0.5550291029
        0.3475241575          0.2120022525
        0.3606797750          0.2524910799
        0.3819660113          0.2370257240
       -0.4164078650         -0.2120022525
       -0.4295634825         -0.1715134252
       -0.4032522475         -0.1715134252
        0.0344418537         -0.4895168040
        0.0212862363         -0.5300056314
       -0.0000000000         -0.5145402755
        0.1114561800          0.5145402755
        0.0983005625          0.5550291029
        0.1246117975          0.5550291029
       -0.7852182588         -0.1060011263
       -0.8196601125         -0.0809776548
       -0.7983738762         -0.0655122989
       -0.2917960675          0.0404888274
       -0.3343685400          0.0404888274
       -0.3262379212          0.0655122989
        0.5491502813         -0.2775145514
        0.5147084275         -0.3025380229
        0.5065778087         -0.2775145514
        0.0688837075          0.1715134252
        0.0344418537          0.1965368966
        0.0557280900          0.2120022525
        0.7639320225          0.0404888274
        0.7213595500          0.0404888274
        0.7294901688          0.0655122989
        0.0212862363         -0.1060011263
       -0.0131556175         -0.1310245978
       -0.0212862363         -0.1060011263
       -0.4934221913          0.2370257240
       -0.5065778087          0.1965368966
       -0.5278640450          0.2120022525
        0.2705098312         -0.2370257240
        0.2836654487         -0.2775145514
        0.2573542138         -0.2775145514
       -0.2573542138         -0.4085391492
       -0.2441985963         -0.4490279766
       -0.2705098312         -0.4490279766
       -0.3049516850          0.3430268503
       -0.3393935387          0.3180033788
       -0.3475241575          0.3430268503
        0.3606797750         -0.0404888274
        0.3475241575         -0.0809776548
        0.3262379212         -0.0655122989
        0.0212862363          0.3180033788
        0.0344418537          0.3584922062
        0.0557280900          0.3430268503
        0.6393202250          0.1310245978
        0.6261646075          0.1715134252
        0.6524758425          0.1715134252
       -0.1327424163         -0.1060011263
       -0.1671842700         -0.0809776548
       -0.1458980338         -0.0655122989
       -0.6180339887          0.1464899537
       -0.6606064613          0.1464899537
       -0.6524758425          0.1715134252
        0.2229123600         -0.3835156777
        0.1884705063         -0.4085391492
        0.1803398875         -0.3835156777
       -0.0901699437         -0.5800525743
       -0.1327424163         -0.5800525743
       -0.1246117975         -0.5550291029
       -0.4164078650          0.1310245978
       -0.4295634825          0.1715134252
       -0.4032522475          0.1715134252
        0.3951216287         -0.2775145514
        0.3606797750         -0.2524910799
        0.3819660113         -0.2370257240
        0.0212862363         -0.2370257240
        0.0344418537         -0.1965368966
        0.0557280900         -0.2120022525
        0.2705098312          0.3180033788
        0.2836654487          0.2775145514
        0.2573542138          0.2775145514
       -0.5410196625         -0.1715134252
       -0.5065778087         -0.1965368966
       -0.5278640450         -0.2120022525
       -0.0557280900          0.1310245978
       -0.0131556175          0.1310245978
       -0.0212862363          0.1060011263
        0.6869176962         -0.0655122989
        0.7213595500         -0.0404888274
        0.7294901688         -0.0655122989
       -0.0131556175          0.5550291029
        0.0212862363          0.5300056314
       -0.0000000000          0.5145402755
        0.4721359550          0.3025380229
        0.5147084275          0.3025380229
        0.5065778087          0.2775145514
       -0.3688103938         -0.0655122989
       -0.3343685400         -0.0404888274
       -0.3262379212         -0.0655122989
       -0.8328157300          0.0404888274
       -0.8196601125          0.0809776548
       -0.7983738762          0.0655122989
        0.1114561800         -0.5955179302
        0.0983005625         -0.5550291029
        0.1246117975         -0.5550291029
       -0.2573542138          0.4895168040
       -0.2441985963          0.4490279766
       -0.2705098312          0.4490279766
        0.3130823038          0.1060011263
        0.3475241575          0.0809776548
        0.3262379212          0.0655122989
       -0.3819660113         -0.3180033788
       -0.3393935387         -0.3180033788
       -0.3475241575         -0.3430268503
        0.0688837075         -0.3835156777
        0.0344418537         -0.3584922062
        0.0557280900         -0.3430268503
        0.1458980338          0.4085391492
        0.1884705063          0.4085391492
        0.1803398875          0.3835156777
       -0.6950483150         -0.1715134252
       -0.6606064613         -0.1464899537
       -0.6524758425         -0.1715134252
       -0.1803398875          0.0404888274
       -0.1671842700          0.0809776548
       -0.1458980338          0.0655122989
        0.6393202250         -0.2120022525
        0.6261646075         -0.1715134252
        0.6524758425         -0.1715134252
        0.1590536512          0.1060011263
        0.1934955050          0.1310245978
        0.2016261238          0.1060011263
        0.8753882025          0.0404888274
        0.8885438200          0.0809776548
        0.9098300563          0.0655122989
        0.1114561800         -0.0404888274
        0.0983005625          0.0000000000
        0.1246117975          0.0000000000
       -0.4589803375          0.3430268503
       -0.4934221913          0.3680503218
       -0.4721359550          0.3835156777
        0.2360679775         -0.1310245978
        0.1934955050         -0.1310245978
        0.2016261238         -0.1060011263
       -0.1671842700          0.3430268503
       -0.1803398875          0.3025380229
       -0.2016261238          0.3180033788
        0.4721359550          0.0404888274
        0.4852915725          0.0000000000
        0.4589803375          0.0000000000
       -0.2147817412         -0.2775145514
       -0.1803398875         -0.3025380229
       -0.2016261238         -0.3180033788
       -0.0901699437         -0.3180033788
       -0.1033255612         -0.2775145514
       -0.0770143263         -0.2775145514
        0.3130823038          0.4490279766
        0.3475241575          0.4240045051
        0.3262379212          0.4085391492
       -0.5835921350         -0.0404888274
       -0.5410196625         -0.0404888274
       -0.5491502813         -0.0655122989
       -0.1671842700          0.2120022525
       -0.1327424163          0.2370257240
       -0.1246117975          0.2120022525
        0.5491502813         -0.0655122989
        0.5623058987         -0.0250234715
        0.5835921350         -0.0404888274
       -0.1671842700         -0.5550291029
       -0.1803398875         -0.5955179302
       -0.2016261238         -0.5800525743
       -0.4164078650          0.2120022525
       -0.4589803375          0.2120022525
       -0.4508497187          0.2370257240
        0.3475241575         -0.2120022525
        0.3130823038         -0.2370257240
        0.3049516850         -0.2120022525
        0.0688837075         -0.1715134252
        0.0344418537         -0.1464899537
        0.0557280900         -0.1310245978
        0.2705098312          0.2370257240
        0.3130823038          0.2370257240
        0.3049516850          0.2120022525
       -0.4934221913         -0.2370257240
       -0.4589803375         -0.2120022525
       -0.4508497187         -0.2370257240
        0.0212862363          0.1060011263
        0.0344418537          0.1464899537
        0.0557280900          0.1310245978
        0.7639320225         -0.0404888274
        0.7507764050          0.0000000000
        0.7770876400          0.0000000000
        0.0344418537          0.4895168040
        0.0688837075          0.5145402755
        0.0770143263          0.4895168040
        0.5491502813          0.2775145514
        0.5623058987          0.3180033788
        0.5835921350          0.3025380229
       -0.2917960675         -0.0404888274
       -0.3049516850          0.0000000000
       -0.2786404500          0.0000000000
       -0.7852182588          0.1060011263
       -0.8196601125          0.1310245978
       -0.7983738762          0.1464899537
        0.1114561800         -0.5145402755
        0.0688837075         -0.5145402755
        0.0770143263         -0.4895168040
       -0.0557280900          0.6860537006
       -0.0131556175          0.6860537006
       -0.0212862363          0.6610302291
        0.3606797750          0.3835156777
        0.3951216287          0.4085391492
        0.4032522475          0.3835156777
       -0.5065778087         -0.0655122989
       -0.4934221913         -0.0250234715
       -0.4721359550         -0.0404888274
        0.0212862363         -0.6610302291
       -0.0131556175         -0.6860537006
       -0.0212862363         -0.6610302291
        0.0212862363          0.6610302291
        0.0344418537          0.7015190565
        0.0557280900          0.6860537006
       -0.9442719100         -0.0404888274
       -0.9574275275          0.0000000000
       -0.9311162925          0.0000000000
       -0.4589803375          0.0000000000
       -0.4934221913          0.0250234715
       -0.4721359550          0.0404888274
        0.4376941013         -0.4085391492
        0.3951216287         -0.4085391492
        0.4032522475         -0.3835156777
       -0.0901699437          0.2370257240
       -0.1033255612          0.2775145514
       -0.0770143263          0.2775145514
        0.5967477525          0.0000000000
        0.5623058987          0.0250234715
        0.5835921350          0.0404888274
       -0.0901699437         -0.2370257240
       -0.1327424163         -0.2370257240
       -0.1246117975         -0.2120022525
       -0.5065778087          0.0655122989
       -0.5410196625          0.0404888274
       -0.5491502813          0.0655122989
        0.3606797750         -0.3835156777
        0.3475241575         -0.4240045051
        0.3262379212         -0.4085391492
       -0.1033255612          0.4085391492
       -0.1377674150          0.3835156777
        0.4852915725          0.1310245978
        0.4721359550          0.0905357704
       -0.2573542138         -0.1965368966
       -0.2441985963         -0.2370257240
       -0.1033255612         -0.4085391492
       -0.0901699437         -0.3680503218
        0.2705098312          0.5300056314
        0.2836654487          0.4895168040
       -0.6656314600          0.0000000000
       -0.6311896062         -0.0250234715
       -0.2573542138          0.1965368966
       -0.2147817412          0.1965368966
        0.4852915725         -0.1310245978
        0.5197334262         -0.1060011263
       -0.1033255612         -0.4895168040
       -0.1377674150         -0.5145402755
       -0.3343685400          0.1715134252
       -0.3688103938          0.1965368966
        0.4376941013         -0.1965368966
        0.3951216287         -0.1965368966
        0.1114561800         -0.2524910799
        0.0983005625         -0.2120022525
        0.1884705063          0.2775145514
        0.2229123600          0.2524910799
       -0.5835921350         -0.2524910799
       -0.5410196625         -0.2524910799
       -0.0425724725          0.0404888274
       -0.0081306188          0.0655122989
        0.7507764050         -0.1310245978
        0.7639320225         -0.0905357704
       -0.0557280900          0.4740514481
       -0.0131556175          0.4740514481
        0.4852915725          0.2120022525
        0.5197334262          0.2370257240
       -0.3049516850         -0.1310245978
       -0.2917960675         -0.0905357704
       -0.7426457862          0.0250234715
       -0.7558014037          0.0655122989
        0.1934955050         -0.5550291029
        0.1590536512         -0.5300056314
       -0.2573542138         -0.3584922062
       -0.2147817412         -0.3584922062
       -0.2573542138          0.3584922062
       -0.2441985963          0.3180033788
        0.3900966300          0.0000000000
        0.4245384838         -0.0250234715
       -0.0081306188          0.2775145514
       -0.0425724725          0.3025380229
        0.6393202250          0.0809776548
        0.5967477525          0.0809776548
       -0.1033255612         -0.1464899537
       -0.1377674150         -0.1715134252
       -0.5704365175          0.1310245978
       -0.5835921350          0.0905357704
        0.2705098312         -0.3680503218
        0.2836654487         -0.4085391492
       -0.0425724725         -0.5955179302
       -0.0557280900         -0.6360067576
       -0.4164078650          0.0809776548
       -0.4589803375          0.0809776548
        0.4245384838         -0.3180033788
        0.3900966300         -0.3430268503
       -0.0081306188         -0.2775145514
       -0.0425724725         -0.2524910799
        0.2705098312          0.3680503218
        0.3130823038          0.3680503218
       -0.5704365175         -0.1310245978
       -0.5359946638         -0.1060011263
       -0.1033255612          0.1464899537
       -0.0901699437          0.1869787811
        0.6393202250         -0.0809776548
        0.6261646075         -0.0404888274
       -0.0425724725          0.5955179302
       -0.0081306188          0.6205414017
        0.4245384838          0.3180033788
        0.4376941013          0.3584922062
       -0.4164078650         -0.0809776548
       -0.4295634825         -0.0404888274
       -0.8622325850          0.0000000000
       -0.8966744388          0.0250234715
        0.1114561800         -0.6455648732
        0.0688837075         -0.6455648732
       -0.2573542138          0.5395637470
       -0.2147817412          0.5395637470
        0.2836654487          0.1464899537
        0.3181073025          0.1715134252
       -0.4295634825         -0.3025380229
       -0.4164078650         -0.2620491955
        0.0983005625         -0.4240045051
        0.0638587088         -0.4490279766
        0.0983005625          0.4240045051
        0.1114561800          0.4644933325
       -0.7426457862         -0.1869787811
       -0.7558014037         -0.1464899537
       -0.2097567425          0.0000000000
       -0.2441985963          0.0250234715
        0.6393202250         -0.2620491955
        0.5967477525         -0.2620491955
        0.1114561800          0.0905357704
        0.0983005625          0.1310245978
        0.8459713475          0.0000000000
        0.8115294937          0.0250234715
        0.1114561800         -0.0905357704
        0.0688837075         -0.0905357704
       -0.4295634825          0.3025380229
       -0.4640053362          0.2775145514
        0.2836654487         -0.1464899537
        0.2705098312         -0.1869787811
       -0.3393935387          0.4490279766
       -0.3049516850          0.4240045051
        0.2705098312          0.0250234715
        0.3130823038          0.0250234715
       -0.3688103938         -0.4085391492
       -0.3343685400         -0.3835156777
        0.1114561800         -0.3025380229
        0.0688837075         -0.3025380229
        0.1590536512          0.3180033788
        0.1934955050          0.3430268503
       -0.6311896062         -0.2370257240
       -0.6180339887         -0.1965368966
       -0.0901699437          0.0250234715
       -0.1033255612          0.0655122989
        0.7213595500         -0.1715134252
        0.6869176962         -0.1464899537
       -0.3393935387         -0.4490279766
       -0.3049516850         -0.4740514481
       -0.3262379212         -0.4895168040
       -0.3688103938          0.4085391492
       -0.3819660113          0.3680503218
        0.2705098312         -0.0250234715
        0.2836654487         -0.0655122989
        0.2229123600         -0.0404888274
        0.1884705063         -0.0655122989
        0.2229123600          0.0404888274
        0.2360679775          0.0809776548
       -0.4164078650         -0.4240045051
       -0.4295634825         -0.3835156777
        0.1934955050          0.0000000000
        0.1590536512          0.0250234715
        0.9655581463         -0.0250234715
        0.9229856737         -0.0250234715
        0.1114561800          0.3025380229
        0.0983005625          0.3430268503
        0.7213595500          0.1715134252
        0.6869176962          0.1965368966
        0.7082039325          0.2120022525
       -0.0901699437         -0.0250234715
       -0.1327424163         -0.0250234715
       -0.6311896062          0.2370257240
       -0.6656314600          0.2120022525
       -0.6737620788          0.2370257240
        0.1590536512         -0.3180033788
        0.1458980338         -0.3584922062
       -0.1033255612          0.4895168040
       -0.0901699437          0.5300056314
        0.4376941013          0.1965368966
        0.4245384838          0.2370257240
       -0.3343685400         -0.1715134252
       -0.3688103938         -0.1464899537
       -0.0557280900         -0.4740514481
       -0.0425724725         -0.5145402755
        0.1934955050          0.5550291029
        0.1590536512          0.5800525743
        0.1803398875          0.5955179302
       -0.7426457862         -0.0250234715
       -0.7852182588         -0.0250234715
       -0.3049516850          0.1310245978
       -0.3393935387          0.1060011263
        0.4852915725         -0.2120022525
        0.4721359550         -0.2524910799
        0.1114561800          0.2524910799
        0.0688837075          0.2524910799
        0.7507764050          0.1310245978
        0.7163345513          0.1060011263
       -0.0425724725         -0.0404888274
       -0.0557280900         -0.0809776548
       -0.5835921350          0.2524910799
       -0.5704365175          0.2120022525
        0.1884705063         -0.2775145514
        0.2229123600         -0.3025380229
       -0.2917960675         -0.5145402755
        0.6737620788          0.2370257240
       -0.7082039325          0.2120022525
        0.1458980338          0.6205414017
       -0.5835921350         -0.3025380229
        0.7983738762         -0.1464899537
        0.2705098312         -0.5300056314
        0.9655581463          0.0250234715
       -0.4164078650          0.4240045051
       -0.2573542138         -0.5395637470
        0.6393202250          0.2620491955
       -0.7426457862          0.1869787811
        0.1114561800          0.6455648732
        0.3262379212          0.4895168040
        0.3475241575          0.4740514481
       -0.0557280900         -0.6860537006
        0.4376941013          0.4085391492
       -0.9442719100          0.0404888274
        0.0557280900         -0.6860537006
        0.0344418537         -0.7015190565
       -0.2016261238          0.5800525743
       -0.1803398875          0.5955179302
       -0.7983738762         -0.1464899537
       -0.8196601125         -0.1310245978
        0.5835921350         -0.3025380229
        0.5623058987         -0.3180033788
       -0.4721359550         -0.3835156777
       -0.4934221913         -0.3680503218
        0.9098300563         -0.0655122989
        0.8885438200         -0.0809776548
       -0.2016261238         -0.4490279766
       -0.3262379212          0.2775145514
        0.3819660113         -0.1060011263
       -0.0000000000          0.3835156777
        0.5835921350          0.1715134252
       -0.2016261238         -0.1060011263
       -0.6737620788          0.1060011263
        0.2016261238         -0.4490279766
       -0.2016261238          0.4490279766
        0.3819660113          0.1060011263
       -0.3262379212         -0.2775145514
       -0.0000000000         -0.3835156777
        0.2016261238          0.4490279766
       -0.6737620788         -0.1060011263
       -0.2016261238          0.1060011263
        0.5835921350         -0.1715134252
        0.1803398875          0.1715134252
        0.8541019662          0.1060011263
        0.0557280900          0.0000000000
       -0.5278640450          0.3430268503
        0.1803398875         -0.1715134252
       -0.5278640450         -0.3430268503
        0.8541019662         -0.1060011263
       -0.1458980338          0.6205414017
        0.3262379212          0.2775145514
       -0.4721359550         -0.1715134252
        0.0557280900         -0.5550291029
        0.0557280900          0.5550291029
       -0.8541019662         -0.1060011263
       -0.3475241575          0.0000000000
        0.5278640450         -0.3430268503
       -0.0000000000          0.1715134252
        0.7082039325          0.0000000000
       -0.0000000000         -0.1715134252
       -0.4721359550          0.1715134252
        0.3262379212         -0.2775145514
       -0.0901699437         -0.4490279766
       -0.2917960675          0.1715134252
        0.4721359550         -0.1715134252
       -0.0901699437          0.4490279766
        0.4721359550          0.1715134252
       -0.2917960675         -0.1715134252
       -0.7082039325          0.0000000000
        0.2360679775         -0.5550291029
        0.2360679775          0.5550291029
        0.1458980338          0.2775145514
        0.7639320225          0.1715134252
       -0.0557280900          0.0000000000
       -0.6180339887          0.2775145514
        0.1458980338         -0.2775145514
       -0.6180339887         -0.2775145514
        0.7639320225         -0.1715134252
       -0.3819660113          0.4490279766
        0.2360679775          0.0000000000
       -0.3819660113         -0.4490279766
        1.0000000000          0.0000000000
       -0.1458980338         -0.6205414017
        0.5278640450          0.3430268503
       -0.8541019662          0.1060011263
       -0.1458980338          0.2775145514
        0.5278640450          0.0000000000
       -0.1458980338         -0.2775145514
        0.3819660113          0.4490279766
       -0.5278640450          0.0000000000
        0.3819660113         -0.4490279766
        0.0000000000         -0.7265425280
        0.0000000000          0.7265425280
       -1.0000000000          0.0000000000
