 # p_occup         n= 7          n= 9          n=11          n=13 
  0.000000  0.0000000000  0.0000000000  0.0000000000  0.0000000000
  0.396745  0.0000000000  0.0000000000  0.0000000000  0.0000000000
  0.426711  0.0002000000  0.0000000000  0.0000000000  0.0000000000
  0.441819  0.0011000000  0.0000000000  0.0000000000  0.0000000000
  0.452030  0.0016000000  0.0000000000  0.0000000000  0.0000000000
  0.459769  0.0027000000  0.0000000000  0.0000000000  0.0000000000
  0.466013  0.0038000000  0.0000000000  0.0000000000  0.0000000000
  0.471254  0.0051000000  0.0000000000  0.0000000000  0.0000000000
  0.475775  0.0064000000  0.0000000000  0.0000000000  0.0000000000
  0.479755  0.0104000000  0.0000000000  0.0000000000  0.0000000000
  0.483312  0.0110000000  0.0001000000  0.0000000000  0.0000000000
  0.486531  0.0111000000  0.0000000000  0.0000000000  0.0000000000
  0.489472  0.0181000000  0.0000000000  0.0000000000  0.0000000000
  0.492182  0.0185000000  0.0000000000  0.0000000000  0.0000000000
  0.494696  0.0217000000  0.0000000000  0.0000000000  0.0000000000
  0.497042  0.0248000000  0.0001000000  0.0000000000  0.0000000000
  0.499241  0.0287000000  0.0001000000  0.0000000000  0.0000000000
  0.501313  0.0331000000  0.0004000000  0.0000000000  0.0000000000
  0.503273  0.0316000000  0.0001000000  0.0000000000  0.0000000000
  0.505132  0.0361000000  0.0001000000  0.0000000000  0.0000000000
  0.506901  0.0401000000  0.0001000000  0.0000000000  0.0000000000
  0.508590  0.0404000000  0.0008000000  0.0000000000  0.0000000000
  0.510206  0.0449000000  0.0010000000  0.0000000000  0.0000000000
  0.511756  0.0491000000  0.0010000000  0.0000000000  0.0000000000
  0.513245  0.0565000000  0.0009000000  0.0000000000  0.0000000000
  0.514678  0.0561000000  0.0012000000  0.0000000000  0.0000000000
  0.516061  0.0615000000  0.0011000000  0.0000000000  0.0000000000
  0.517397  0.0663000000  0.0020000000  0.0000000000  0.0000000000
  0.518689  0.0659000000  0.0017000000  0.0000000000  0.0000000000
  0.519941  0.0696000000  0.0028000000  0.0000000000  0.0000000000
  0.521155  0.0733000000  0.0013000000  0.0000000000  0.0000000000
  0.522335  0.0778000000  0.0035000000  0.0000000000  0.0000000000
  0.523481  0.0790000000  0.0052000000  0.0000000000  0.0000000000
  0.524598  0.0857000000  0.0039000000  0.0000000000  0.0000000000
  0.525685  0.0842000000  0.0056000000  0.0000000000  0.0000000000
  0.526745  0.0922000000  0.0059000000  0.0000000000  0.0000000000
  0.527780  0.1019000000  0.0061000000  0.0000000000  0.0000000000
  0.528791  0.0922000000  0.0063000000  0.0000000000  0.0000000000
  0.529780  0.1029000000  0.0074000000  0.0000000000  0.0000000000
  0.530747  0.1098000000  0.0087000000  0.0000000000  0.0000000000
  0.531694  0.1059000000  0.0102000000  0.0000000000  0.0000000000
  0.532621  0.1172000000  0.0111000000  0.0000000000  0.0000000000
  0.533530  0.1208000000  0.0116000000  0.0000000000  0.0000000000
  0.534422  0.1286000000  0.0138000000  0.0000000000  0.0000000000
  0.535298  0.1187000000  0.0158000000  0.0001000000  0.0000000000
  0.536158  0.1396000000  0.0125000000  0.0001000000  0.0000000000
  0.537003  0.1346000000  0.0187000000  0.0000000000  0.0000000000
  0.537833  0.1402000000  0.0203000000  0.0000000000  0.0000000000
  0.538650  0.1429000000  0.0218000000  0.0001000000  0.0000000000
  0.539454  0.1518000000  0.0235000000  0.0001000000  0.0000000000
  0.540246  0.1537000000  0.0249000000  0.0000000000  0.0000000000
  0.541025  0.1564000000  0.0247000000  0.0001000000  0.0000000000
  0.541794  0.1657000000  0.0292000000  0.0002000000  0.0000000000
  0.542551  0.1645000000  0.0302000000  0.0004000000  0.0000000000
  0.543298  0.1743000000  0.0320000000  0.0003000000  0.0000000000
  0.544034  0.1716000000  0.0336000000  0.0003000000  0.0000000000
  0.544761  0.1848000000  0.0350000000  0.0001000000  0.0000000000
  0.545479  0.1787000000  0.0389000000  0.0006000000  0.0000000000
  0.546188  0.1891000000  0.0414000000  0.0005000000  0.0000000000
  0.546888  0.1867000000  0.0451000000  0.0007000000  0.0000000000
  0.547580  0.1934000000  0.0502000000  0.0006000000  0.0000000000
  0.548265  0.2004000000  0.0512000000  0.0013000000  0.0000000000
  0.548941  0.2022000000  0.0539000000  0.0013000000  0.0000000000
  0.549610  0.2091000000  0.0587000000  0.0015000000  0.0000000000
  0.550272  0.2188000000  0.0625000000  0.0012000000  0.0000000000
  0.550927  0.2212000000  0.0644000000  0.0024000000  0.0000000000
  0.551576  0.2268000000  0.0677000000  0.0022000000  0.0000000000
  0.552218  0.2310000000  0.0697000000  0.0020000000  0.0000000000
  0.552855  0.2347000000  0.0773000000  0.0026000000  0.0000000000
  0.553485  0.2356000000  0.0788000000  0.0022000000  0.0000000000
  0.554110  0.2414000000  0.0823000000  0.0036000000  0.0000000000
  0.554729  0.2467000000  0.0910000000  0.0051000000  0.0000000000
  0.555343  0.2480000000  0.0939000000  0.0052000000  0.0000000000
  0.555951  0.2516000000  0.0921000000  0.0053000000  0.0000000000
  0.556555  0.2524000000  0.1055000000  0.0057000000  0.0000000000
  0.557154  0.2621000000  0.1078000000  0.0069000000  0.0000000000
  0.557748  0.2604000000  0.1152000000  0.0085000000  0.0000000000
  0.558338  0.2742000000  0.1190000000  0.0099000000  0.0000000000
  0.558924  0.2763000000  0.1308000000  0.0109000000  0.0000000000
  0.559506  0.2939000000  0.1261000000  0.0123000000  0.0000000000
  0.560083  0.2876000000  0.1419000000  0.0141000000  0.0000000000
  0.560657  0.2889000000  0.1390000000  0.0165000000  0.0000000000
  0.561227  0.2992000000  0.1467000000  0.0190000000  0.0001000000
  0.561793  0.2968000000  0.1531000000  0.0212000000  0.0001000000
  0.562356  0.3040000000  0.1621000000  0.0224000000  0.0000000000
  0.562916  0.3099000000  0.1703000000  0.0265000000  0.0003000000
  0.563472  0.3062000000  0.1772000000  0.0322000000  0.0002000000
  0.564025  0.3156000000  0.1903000000  0.0296000000  0.0002000000
  0.564576  0.3140000000  0.1821000000  0.0379000000  0.0003000000
  0.565123  0.3247000000  0.1932000000  0.0420000000  0.0002000000
  0.565668  0.3331000000  0.1994000000  0.0468000000  0.0005000000
  0.566210  0.3397000000  0.1993000000  0.0504000000  0.0003000000
  0.566749  0.3423000000  0.2120000000  0.0555000000  0.0009000000
  0.567286  0.3565000000  0.2247000000  0.0586000000  0.0012000000
  0.567820  0.3444000000  0.2197000000  0.0669000000  0.0015000000
  0.568352  0.3534000000  0.2296000000  0.0701000000  0.0024000000
  0.568882  0.3513000000  0.2391000000  0.0762000000  0.0033000000
  0.569410  0.3585000000  0.2482000000  0.0842000000  0.0040000000
  0.569936  0.3672000000  0.2586000000  0.0998000000  0.0042000000
  0.570460  0.3711000000  0.2642000000  0.1069000000  0.0054000000
  0.570982  0.3801000000  0.2670000000  0.1123000000  0.0087000000
  0.571502  0.3939000000  0.2789000000  0.1207000000  0.0095000000
  0.572021  0.3868000000  0.2889000000  0.1367000000  0.0139000000
  0.572538  0.3894000000  0.2944000000  0.1404000000  0.0191000000
  0.573053  0.3945000000  0.3048000000  0.1521000000  0.0197000000
  0.573567  0.4045000000  0.3138000000  0.1617000000  0.0224000000
  0.574080  0.4033000000  0.3222000000  0.1691000000  0.0334000000
  0.574591  0.4176000000  0.3328000000  0.1888000000  0.0394000000
  0.575101  0.4043000000  0.3378000000  0.2034000000  0.0500000000
  0.575610  0.4081000000  0.3392000000  0.2081000000  0.0580000000
  0.576118  0.4211000000  0.3600000000  0.2294000000  0.0646000000
  0.576625  0.4272000000  0.3665000000  0.2479000000  0.0825000000
  0.577130  0.4387000000  0.3738000000  0.2590000000  0.0910000000
  0.577635  0.4344000000  0.3963000000  0.2713000000  0.1192000000
  0.578140  0.4414000000  0.3876000000  0.2914000000  0.1331000000
  0.578643  0.4410000000  0.3988000000  0.3042000000  0.1633000000
  0.579146  0.4457000000  0.4117000000  0.3271000000  0.1787000000
  0.579648  0.4441000000  0.4205000000  0.3323000000  0.2093000000
  0.580149  0.4594000000  0.4317000000  0.3572000000  0.2324000000
  0.580650  0.4696000000  0.4521000000  0.3854000000  0.2660000000
  0.581151  0.4698000000  0.4419000000  0.3942000000  0.3062000000
  0.581651  0.4761000000  0.4521000000  0.4151000000  0.3314000000
  0.582151  0.4779000000  0.4594000000  0.4258000000  0.3692000000
  0.582651  0.4819000000  0.4777000000  0.4667000000  0.4010000000
  0.583151  0.4944000000  0.4787000000  0.4617000000  0.4520000000
  0.583650  0.5017000000  0.4878000000  0.4882000000  0.4775000000
  0.584150  0.4904000000  0.4982000000  0.5104000000  0.5110000000
  0.584649  0.4944000000  0.5110000000  0.5257000000  0.5640000000
  0.585149  0.5087000000  0.5309000000  0.5444000000  0.5912000000
  0.585649  0.5107000000  0.5290000000  0.5667000000  0.6356000000
  0.586149  0.5135000000  0.5468000000  0.5862000000  0.6701000000
  0.586649  0.5238000000  0.5501000000  0.6062000000  0.7058000000
  0.587150  0.5253000000  0.5532000000  0.6216000000  0.7373000000
  0.587651  0.5267000000  0.5668000000  0.6330000000  0.7652000000
  0.588152  0.5429000000  0.5718000000  0.6617000000  0.7929000000
  0.588654  0.5376000000  0.5888000000  0.6715000000  0.8234000000
  0.589157  0.5463000000  0.5980000000  0.6870000000  0.8483000000
  0.589660  0.5503000000  0.6095000000  0.7117000000  0.8707000000
  0.590165  0.5566000000  0.6133000000  0.7185000000  0.8864000000
  0.590670  0.5601000000  0.6208000000  0.7316000000  0.9033000000
  0.591175  0.5750000000  0.6273000000  0.7495000000  0.9168000000
  0.591682  0.5658000000  0.6361000000  0.7721000000  0.9296000000
  0.592190  0.5707000000  0.6562000000  0.7848000000  0.9441000000
  0.592699  0.5779000000  0.6577000000  0.7943000000  0.9535000000
  0.593209  0.5785000000  0.6636000000  0.8111000000  0.9629000000
  0.593720  0.5774000000  0.6803000000  0.8129000000  0.9698000000
  0.594233  0.5871000000  0.6744000000  0.8408000000  0.9784000000
  0.594747  0.5893000000  0.6911000000  0.8475000000  0.9810000000
  0.595262  0.5953000000  0.7056000000  0.8624000000  0.9855000000
  0.595779  0.6016000000  0.7039000000  0.8692000000  0.9881000000
  0.596298  0.6064000000  0.7140000000  0.8814000000  0.9909000000
  0.596818  0.6156000000  0.7246000000  0.8895000000  0.9916000000
  0.597340  0.6282000000  0.7377000000  0.8960000000  0.9937000000
  0.597864  0.6313000000  0.7402000000  0.9068000000  0.9958000000
  0.598390  0.6253000000  0.7479000000  0.9104000000  0.9961000000
  0.598918  0.6333000000  0.7565000000  0.9233000000  0.9971000000
  0.599448  0.6376000000  0.7665000000  0.9275000000  0.9978000000
  0.599980  0.6463000000  0.7780000000  0.9345000000  0.9978000000
  0.600514  0.6553000000  0.7729000000  0.9420000000  0.9988000000
  0.601051  0.6501000000  0.7852000000  0.9461000000  0.9994000000
  0.601590  0.6556000000  0.7956000000  0.9506000000  0.9988000000
  0.602132  0.6740000000  0.8009000000  0.9568000000  0.9995000000
  0.602677  0.6621000000  0.8139000000  0.9585000000  0.9996000000
  0.603224  0.6745000000  0.8120000000  0.9631000000  0.9996000000
  0.603775  0.6790000000  0.8217000000  0.9685000000  0.9999000000
  0.604328  0.6860000000  0.8283000000  0.9709000000  0.9998000000
  0.604884  0.6904000000  0.8270000000  0.9719000000  1.0000000000
  0.605444  0.6906000000  0.8398000000  0.9780000000  1.0000000000
  0.606007  0.6933000000  0.8426000000  0.9817000000  1.0000000000
  0.606573  0.6898000000  0.8429000000  0.9815000000  1.0000000000
  0.607143  0.7011000000  0.8601000000  0.9852000000  1.0000000000
  0.607717  0.7044000000  0.8656000000  0.9861000000  1.0000000000
  0.608294  0.7157000000  0.8658000000  0.9873000000  1.0000000000
  0.608876  0.7190000000  0.8716000000  0.9905000000  1.0000000000
  0.609462  0.7203000000  0.8796000000  0.9901000000  1.0000000000
  0.610052  0.7220000000  0.8925000000  0.9914000000  1.0000000000
  0.610646  0.7304000000  0.8909000000  0.9932000000  1.0000000000
  0.611245  0.7399000000  0.8915000000  0.9952000000  1.0000000000
  0.611849  0.7377000000  0.9023000000  0.9953000000  1.0000000000
  0.612457  0.7457000000  0.9022000000  0.9955000000  1.0000000000
  0.613071  0.7484000000  0.9118000000  0.9968000000  1.0000000000
  0.613690  0.7434000000  0.9144000000  0.9972000000  1.0000000000
  0.614315  0.7606000000  0.9142000000  0.9979000000  1.0000000000
  0.614945  0.7630000000  0.9191000000  0.9973000000  1.0000000000
  0.615582  0.7656000000  0.9310000000  0.9976000000  1.0000000000
  0.616224  0.7679000000  0.9289000000  0.9981000000  1.0000000000
  0.616873  0.7760000000  0.9367000000  0.9981000000  1.0000000000
  0.617528  0.7680000000  0.9414000000  0.9982000000  1.0000000000
  0.618190  0.7976000000  0.9428000000  0.9984000000  1.0000000000
  0.618859  0.7851000000  0.9443000000  0.9992000000  1.0000000000
  0.619535  0.7990000000  0.9506000000  0.9989000000  1.0000000000
  0.620220  0.7981000000  0.9487000000  0.9995000000  1.0000000000
  0.620912  0.7933000000  0.9578000000  0.9995000000  1.0000000000
  0.621612  0.8093000000  0.9566000000  0.9997000000  1.0000000000
  0.622321  0.8186000000  0.9598000000  0.9993000000  1.0000000000
  0.623039  0.8171000000  0.9629000000  0.9999000000  1.0000000000
  0.623766  0.8172000000  0.9656000000  0.9996000000  1.0000000000
  0.624502  0.8259000000  0.9683000000  0.9996000000  1.0000000000
  0.625249  0.8290000000  0.9697000000  1.0000000000  1.0000000000
  0.626006  0.8253000000  0.9687000000  0.9999000000  1.0000000000
  0.626775  0.8352000000  0.9754000000  1.0000000000  1.0000000000
  0.627554  0.8431000000  0.9753000000  0.9998000000  1.0000000000
  0.628346  0.8386000000  0.9774000000  0.9999000000  1.0000000000
  0.629150  0.8527000000  0.9809000000  0.9999000000  1.0000000000
  0.629967  0.8484000000  0.9816000000  1.0000000000  1.0000000000
  0.630797  0.8600000000  0.9834000000  1.0000000000  1.0000000000
  0.631642  0.8705000000  0.9852000000  1.0000000000  1.0000000000
  0.632502  0.8708000000  0.9876000000  1.0000000000  1.0000000000
  0.633378  0.8773000000  0.9875000000  1.0000000000  1.0000000000
  0.634270  0.8769000000  0.9891000000  1.0000000000  1.0000000000
  0.635179  0.8834000000  0.9891000000  1.0000000000  1.0000000000
  0.636106  0.8905000000  0.9898000000  1.0000000000  1.0000000000
  0.637053  0.8909000000  0.9914000000  1.0000000000  1.0000000000
  0.638020  0.8900000000  0.9922000000  1.0000000000  1.0000000000
  0.639009  0.9020000000  0.9931000000  1.0000000000  1.0000000000
  0.640020  0.9027000000  0.9954000000  1.0000000000  1.0000000000
  0.641055  0.9055000000  0.9947000000  1.0000000000  1.0000000000
  0.642115  0.9144000000  0.9954000000  1.0000000000  1.0000000000
  0.643202  0.9158000000  0.9958000000  1.0000000000  1.0000000000
  0.644319  0.9210000000  0.9960000000  1.0000000000  1.0000000000
  0.645465  0.9176000000  0.9968000000  1.0000000000  1.0000000000
  0.646645  0.9323000000  0.9980000000  1.0000000000  1.0000000000
  0.647859  0.9307000000  0.9987000000  1.0000000000  1.0000000000
  0.649111  0.9297000000  0.9982000000  1.0000000000  1.0000000000
  0.650403  0.9389000000  0.9983000000  1.0000000000  1.0000000000
  0.651739  0.9386000000  0.9989000000  1.0000000000  1.0000000000
  0.653122  0.9440000000  0.9992000000  1.0000000000  1.0000000000
  0.654555  0.9514000000  0.9993000000  1.0000000000  1.0000000000
  0.656044  0.9484000000  0.9993000000  1.0000000000  1.0000000000
  0.657594  0.9555000000  0.9992000000  1.0000000000  1.0000000000
  0.659210  0.9596000000  0.9996000000  1.0000000000  1.0000000000
  0.660899  0.9621000000  0.9999000000  1.0000000000  1.0000000000
  0.662668  0.9629000000  0.9998000000  1.0000000000  1.0000000000
  0.664527  0.9701000000  0.9998000000  1.0000000000  1.0000000000
  0.666487  0.9731000000  0.9997000000  1.0000000000  1.0000000000
  0.668559  0.9726000000  0.9999000000  1.0000000000  1.0000000000
  0.670758  0.9759000000  1.0000000000  1.0000000000  1.0000000000
  0.673104  0.9798000000  0.9998000000  1.0000000000  1.0000000000
  0.675618  0.9796000000  1.0000000000  1.0000000000  1.0000000000
  0.678328  0.9850000000  1.0000000000  1.0000000000  1.0000000000
  0.681269  0.9885000000  1.0000000000  1.0000000000  1.0000000000
  0.684488  0.9910000000  1.0000000000  1.0000000000  1.0000000000
  0.688045  0.9934000000  1.0000000000  1.0000000000  1.0000000000
  0.692025  0.9930000000  1.0000000000  1.0000000000  1.0000000000
  0.696546  0.9952000000  1.0000000000  1.0000000000  1.0000000000
  0.701787  0.9972000000  1.0000000000  1.0000000000  1.0000000000
  0.708031  0.9976000000  1.0000000000  1.0000000000  1.0000000000
  0.715770  0.9987000000  1.0000000000  1.0000000000  1.0000000000
  0.725981  0.9992000000  1.0000000000  1.0000000000  1.0000000000
  0.741089  0.9999000000  1.0000000000  1.0000000000  1.0000000000
  0.771055  0.9999000000  1.0000000000  1.0000000000  1.0000000000
  1.000000  1.0000000000  1.0000000000  1.0000000000  1.0000000000
